-36.757501 -11.382986 42.974585
38.115546 -10.027661 44.384454
-11.084212 27.308269 41.851353
13.959448 30.215726 40.146882
-31.498206 9.575602 42.322399
35.217573 11.421996 42.300658
-29.969263 42.392687 17.200848
33.072289 43.801828 18.091400
-43.941070 16.266546 14.142339
47.968466 14.557914 14.856277
-40.787760 33.208333 2.790365
46.254589 29.276495 6.644168
-38.970588 42.505882 -10.841176
43.196905 44.075666 -9.936371
-21.369948 33.211355 -13.486578
24.919643 31.591837 -12.945153
-5.261719 34.477865 -17.0729167
8.081522 35.352174 -14.856522
-8.390071 66.078014 -6.283688
9.140665 63.703325 -12.189258
-6.400000 19.381818 25.189610
7.087379 20.541262 27.963592
-6.625559 37.004468 1.563896
9.462287 34.579075 2.630170
-8.654062 -18.294118 35.992997
10.436709 -13.925633 38.669304
-14.290163 -33.908090 -18.755032
17.820334 -30.116540 -18.108042
-7.286344 -48.684288 18.409692
11.430322 -43.856049 20.586524
-5.854709 -82.226009 23.160538
11.050951 -80.932319 26.033460
-10.014267 -70.294695 -15.206420
13.620330 -66.971455 -12.733349
-25.014467 -89.844202 -1.269085
31.770764 -88.045404 3.517719
-32.294100 -53.533946 -25.334124 
35.593832 -53.864196 -24.362144
-41.233448 -25.668161 46.360855
45.279210 -21.386183 44.813117
-22.590919 -61.788958 48.519719
27.343176 -59.215219 50.131365
-40.003240 -67.290905 31.509373
46.401721 -59.301780 31.167221
-48.976203 -36.316456 32.331139
51.194890 -30.838978 32.679739
-9.410842 -83.302425 5.075606
16.342684 -78.996209 7.234268
-10.214195 -61.412363 36.133299
14.291854 -58.655018 36.884534
-7.855356 -28.689505 55.947800
11.684008 -28.230250 54.409441
-50.140454 -16.105340 -2.997318
54.642762 -9.773174 -4.771315
-56.062642 -29.147494 -12.297836
59.151728 -27.072642 -11.912127
-47.814352 -37.444526 -23.927504
52.513547 -30.758621 -26.372537
-46.480609 -46.398892 7.599723
49.456186 -39.516753 5.704897
-15.974359 -12.578348 -32.126781 
16.943791 -8.484967 -31.545098
-27.178000 11.462000 -35.974000
28.839400 12.640257 -34.895075
-42.235294 -22.577855 6.456747
46.173267 -19.405941 7.440594