-0.121791 18.690742 56.424500
-38.138072 18.481203 42.036910
-50.571802 14.686684 15.469974
-49.663580 28.564815 8.641975
0.282810 43.320448 -18.478128
0.514478 -2.744781 56.954882
-0.037236 -11.401256 49.807653
-0.065719 20.648313 -14.927176
0.257555 36.528159 21.973901
-29.566667 23.701190 -16.508333
-39.566197 18.422535 4.614085
-47.950920 -8.541922 11.760736
0.831790 18.269290 24.389660
0.773467 -36.561535 29.948269
2.688785 52.536779 7.863591
37.389881 2.529762 -0.108631
26.376934 -20.677918 -14.571027
-24.838897 -22.177068 -14.371553
22.405488 -7.975610 -30.243902
-21.892308 -32.353846 -16.933333
23.046832 -3.774105 -18.060606
-22.551948 -4.954545 -18.077922
1.590652 -74.337110 8.196884
1.065481 -79.463217 27.542441
1.470116 -64.652394 -5.157300
1.257143 -79.325714 13.177143
-32.103483 -72.839138 37.896920
45.485575 -73.965770 -1.598044
-0.047945 -95.828767 7.551750
-26.598712 -76.568670 -13.690987
-2.641182 -27.152042 52.128294
29.135501 -47.785908 58.943089
-56.666667 -32.834382 37.255765
55.216194 -40.451822 33.616194
51.931926 -51.865214 32.349898
0.950463 -59.261939 38.092659
-48.384480 -31.760141 20.416226
-45.242718 -20.304207 7.100324
40.692405 12.945867 -29.629039
-56.114286 -4.042857 -8.085714
61.596154 -24.024038 1.716346
-57.563474 -4.106904 -22.111359
-61.060781 -27.418234 -10.962373
58.296041 -49.117040 1.506024
-48.125373 -5.128358 -39.223881
-53.504425 -28.527040 -25.956735
54.125480 -49.859155 -16.760563
48.132626 -3.458886 -7.156499
-31.690852 -4.618297 -41.892744
-36.011628 -29.593023 -24.932558
35.065031 -50.073620 -16.674847
-52.729204 -29.929204 10.941593
10.932390 -18.358491 6.643082
-9.717341 -19.176471 6.195569
13.342360 9.949710 10.576402
-12.713996 9.533469 9.484787
25.516896 1.844806 0.350438
-24.889441 0.678261 0.305590
19.850187 -3.775281 -1.101124
-19.210332 -4.885609 -1.217712
9.576471 12.117647 -6.635294
-9.511111 11.444444 -7.155555
0.556809 -31.021721 -34.141186